Detailed Classification Report
========================================
              precision    recall  f1-score   support

          af       0.71      0.68      0.70      2000
          am       0.95      0.97      0.96      2000
          ar       0.97      0.99      0.98      2500
          as       0.98      0.79      0.87      2000
          az       0.96      0.93      0.94      2000
          be       0.91      0.66      0.76      2000
          bg       0.91      0.94      0.92      2500
          bn       0.86      0.99      0.92      2000
          br       0.95      0.80      0.87      2000
          bs       0.39      0.21      0.27      2000
          ca       0.68      0.93      0.79      2000
          cs       0.92      0.81      0.86      2000
          cy       0.84      0.78      0.81      2000
          da       0.84      0.83      0.83      2000
          de       0.91      0.88      0.89      2914
          el       0.99      0.65      0.78      2500
          en       0.91      0.99      0.95    186470
          eo       0.86      0.88      0.87      2000
          es       0.91      0.94      0.92      2948
          et       0.85      0.91      0.88      2000
          eu       0.82      0.97      0.89      2000
          fa       0.92      0.96      0.94      2000
          fi       0.93      0.90      0.92      2000
          fr       0.94      0.96      0.95      2942
          fy       0.94      0.48      0.64      2000
          ga       0.83      0.94      0.89      2000
          gd       0.98      0.52      0.68      1605
          gl       0.80      0.80      0.80      2000
          gu       1.00      0.94      0.97      2000
          ha       0.99      0.95      0.97      2000
          he       0.88      0.92      0.90      2000
          hi       0.78      0.91      0.84      2500
          hr       0.46      0.31      0.37      2000
          hu       0.96      0.97      0.97      2000
          id       0.69      0.80      0.74      2000
          ig       1.00      0.70      0.82      1843
          is       0.98      0.97      0.98      2000
          it       0.92      0.96      0.94      2912
          ja       1.00      0.99      0.99      2500
          ka       1.00      0.76      0.87      2000
          kk       0.91      0.72      0.81      2000
          km       0.99      0.90      0.94      2000
          kn       1.00      0.90      0.95       917
          ko       0.97      0.83      0.89      2000
          ku       0.97      0.74      0.84      2000
          ky       0.89      0.48      0.62      2000
          li       0.94      0.39      0.56      2000
          lt       0.94      0.90      0.92      2000
          lv       0.95      0.94      0.95      2000
          mg       0.97      0.96      0.97      2000
          mk       0.89      0.87      0.88      2000
          ml       1.00      0.99      0.99      2000
          mr       1.00      0.56      0.71      2000
          ms       0.73      0.59      0.65      2000
          mt       0.95      0.96      0.95      2000
          my       1.00      0.98      0.99      2000
          nb       0.86      0.34      0.48      2000
          ne       0.83      0.86      0.84      2000
          nl       0.92      0.96      0.94      2905
          nn       0.57      0.77      0.66      2000
          no       0.68      0.93      0.79      2000
          oc       0.77      0.18      0.29      2000
          or       1.00      0.77      0.87      1317
          pa       1.00      0.88      0.94      2000
          pl       0.98      0.97      0.98      2915
          ps       0.93      0.68      0.78      2000
          pt       0.93      0.93      0.93      2948
          ro       0.93      0.93      0.93      2000
          ru       0.72      0.88      0.79      2907
          rw       0.85      0.77      0.81      2000
          se       0.95      0.30      0.46      2000
          sh       0.86      0.84      0.85      2000
          si       0.97      0.99      0.98      2000
          sk       0.89      0.86      0.88      2000
          sl       0.78      0.89      0.83      2000
          sq       0.92      0.96      0.94      2000
          sr       0.46      0.54      0.50      2000
          sv       0.97      0.92      0.94      2000
          sw       0.96      0.72      0.82       500
          ta       1.00      0.93      0.96      2000
          te       1.00      0.89      0.94      2000
          tg       0.90      0.80      0.85      2000
          th       1.00      0.99      0.99      2500
          tk       0.94      0.60      0.74      1852
          tr       0.94      0.69      0.80      2500
          tt       0.98      0.93      0.96      2000
          ug       1.00      0.96      0.98      2000
          uk       0.64      0.58      0.61      2000
          ur       1.00      0.91      0.95      2500
          uz       0.93      0.82      0.87      2000
          vi       1.00      0.96      0.98      2500
          wa       0.96      0.65      0.78      2000
          xh       0.56      0.92      0.70      2000
          yi       0.98      0.32      0.48      2000
          zh       0.85      0.99      0.92      2500
       zh-TW       0.00      0.00      0.00       411
          zu       0.93      0.24      0.38      2000

   micro avg       0.90      0.90      0.90    385306
   macro avg       0.88      0.79      0.82    385306
weighted avg       0.90      0.90      0.89    385306

Note: This report includes only 97 languages with validation samples.
Total supported languages: 102
